-2062.0770443287624 99.85720885379318
-2047.2360439241997 32.97323949116693
-2208.93186300101 -227.74244653010942
-2147.830535224917 -242.75755681445654
-2251.0031844590685 -509.27654664087623
-2223.7273151496242 -564.0969754089791
-2243.1740211340384 -656.3185563818798
-2316.423536195473 -698.575961146456
-2366.425158163084 -832.9138172749005
-2333.9028409165667 -838.2119791857926
-2346.1206894473407 -1037.5638173599416
-2380.8793903337178 -1069.1109694987856
-2363.4848263538497 -1246.493553791612
-2375.3211855888385 -1322.032490399409
-2346.0435077342363 -1345.2003829588853
-1971.5512033906043 -1440.292088106954
-1965.1663535979026 -1390.778589942356
-1999.233570617158 -1322.723958991002
-2274.5181368965614 -1350.168336571193
-2270.4472391952545 -1216.2179597610084
-2075.2688042796044 -1196.9205737873922
-2073.9721104613222 -1134.802898552707
-2250.457530892061 -1131.051228824799
-2250.96003320866 -1052.5564405607672
-2027.2988242581732 -1055.2857930826651
-1947.7946045288077 -1020.9964867291928
-1950.1167303864995 -956.0764596871525
-2250.60655761102 -956.4854065181715
-2250.4778874552176 -883.4143190512973
-1961.6524245947894 -880.1398681101635
-1962.2322911612498 -782.8749246746627
-2001.4702865650852 -781.7194660691601
-1993.8882299241766 -678.7987908438287
-1908.7634233153872 -670.6482312000948
-1890.926004738349 -603.6626126936968
-2053.734218607319 -313.37203922096086
-2027.4933821953712 -269.38154367702595
-1955.9397700351 -320.5859267947492
-1955.8604933166016 -319.2369735917416
-1952.2889345010135 -315.6659691182092
-1946.4155510541586 -311.777393209973
-1901.731332154524 -266.06862342365974
-1896.6389009451898 -260.2895295598581
-1868.3934524463375 -275.9848881351863
-1895.5367784681152 -311.7736047415124
-1899.8225522921518 -317.5664434565496
-1909.7435845141176 -327.40655162135016
-1930.1950597407535 -351.62703523849905
-1877.540325679929 -380.4759229752975
-1852.526212103576 -354.2225770553801
-1848.293664239717 -344.0655064345042
-1808.3748887085815 -330.9578078161478
-1842.748448886524 -375.6463159920206
-1846.1275232233709 -379.45461775342017
-1845.222579280769 -435.3827241233189
-1702.896579548992 -572.7013792613849
-1610.213030770771 -500.54589390143923
-1619.936686713617 -494.4630043403381
-1624.3690038792365 -484.61068745926735
-1632.575947811888 -479.29140400721246
-1638.8200444081629 -473.7565671899939
-1650.8945331548093 -461.27028443848417
-1654.5767323745836 -458.8535123943282
-1655.9218220917032 -456.77413277757796
-1659.0309591403966 -451.6165897343759
-1672.8568197708687 -427.0851589477533
-1634.490032362702 -372.08764636206735
-1633.3634345958246 -384.36560470583277
-1633.3334439028924 -384.8534070660071
-1633.058473635443 -385.70605731846774
-1633.6086901005635 -392.8361662454675
-1624.332806417378 -427.00055132151647
-1614.5617055877563 -433.8743406992815
-1533.7252087462884 -460.7233902529087
-1533.9569389092987 -457.15266234587455
-1533.9575302122043 -447.30004303186973
-1536.042517028578 -423.6605241414239
-1552.150633648988 -393.4754834607201
-1542.5263366001886 -396.81421454435343
-1542.0003804657017 -394.239353672724
-1541.9996868628457 -391.82175445645976
-1542.6180830961607 -376.88155555386527
-1543.1650166167185 -372.4075552837203
-1544.7539408642626 -348.60270247034794
-1538.0847605947629 -337.5497819907089
-1525.1391730577864 -353.4446328465565
-1521.7303055572513 -364.1784664752133
-1523.2206164573445 -367.65126876384414
-1520.754853113368 -378.3067644075573
-1520.6621552140653 -381.97039104474715
-1520.0919295602012 -384.878969818216
-1520.2442759926253 -394.10047955913274
-1519.0207293188269 -401.3859043206523
-1514.8322005156006 -437.7507249478267
-1400.2691844716085 -437.0775903897902
-1383.1495265151823 -362.7295063955215
-1357.5316913252204 -362.0876940123633
-1305.0890627817864 -426.90913056975614
-1235.3190278509878 -424.39776058574154
-1209.76914088355 -355.36975049632935
-1205.772462239148 -351.4317864608363
-1198.3041142990617 -348.5317550043588
-1195.227484543813 -349.30053211121395
-1154.6776598287286 -354.54371896043403
-1081.2151124461586 -416.821522895984
-1046.4208317094044 -376.52163103589226
-1055.3330736129437 -348.2008755189395
-1041.5070047131292 -308.54361569545216
-1023.4018456519399 -318.09863529402725
-1024.3398474765725 -322.55374241631876
-1026.5268335939052 -343.8380567148074
-1024.311613949918 -351.54183082805775
-1019.4185068111021 -367.6087915626784
-1017.5584502700062 -369.50397284283616
-1013.0986877704736 -387.671537755924
-1012.9859169794578 -390.8460568317496
-1011.3289608612461 -397.5260905649497
-1009.104445662163 -403.1861042447881
-1003.9449194437368 -421.74480899799164
-783.115027498292 -486.49064194437125
-709.1601788757729 -463.5807956892709
-745.6487749723289 -411.9532445368992
-752.2124198994292 -391.1770070297424
-734.712806982155 -362.8321714376948
-728.8698883125563 -365.5299932101839
-723.7098899283471 -373.42151516728245
-699.7936950622252 -432.71896711806824
-701.8074834238173 -432.8448485466222
-630.0994318274577 -506.77427648197545
-655.6329432701982 -551.2260297947468
-526.6496821587002 -627.9307631875499
-561.5829274079776 -687.0628289506049
-701.805578790976 -603.4742126555378
-771.7586971631364 -662.8057639400236
-544.542060641535 -798.547439318822
-475.61487588861473 -683.4798600481525
-366.7790193193946 -747.9256181205756
-456.1071291169991 -898.1082307352465
-379.1367438359786 -944.2757425784375
-270.7239281078079 -771.2743094685134
-154.98589882173712 -849.1778096013497
-156.62335419198268 -848.1839402294829
-73.89226207073904 -820.7019108685574
40.601401222634145 -855.833032606339
138.81945088962783 -807.867636119218
290.6441751600852 -814.6353202159407
351.7905169042605 -882.3247043089734
355.9705520157864 -746.7473751506421
437.3573486627538 -812.0758408532516
574.8249421265464 -708.4425046967308
577.1615108245261 -663.8612256654279
554.4122252215766 -643.2654102701694
554.9004234545499 -642.6797618138279
534.0061692057056 -626.4763834256016
508.6204902587452 -614.0797231549184
456.5834382196008 -597.6910861300324
454.21047917528267 -597.107584800654
453.1038729464437 -596.83140014671
451.404909888882 -596.3607506069765
438.5121485499986 -594.7546442981819
435.66992983417293 -597.9665633246412
436.5760422441188 -607.0258965427696
431.4682491841634 -618.3500163695375
420.881998296991 -637.2509769314104
419.2755400064283 -638.4039584399598
413.5911571370386 -642.5629749423694
408.67536910255774 -656.8616836684245
406.78445625076563 -660.4988404266771
404.0822810392393 -657.3271761246059
371.76587069755584 -645.1198170260668
373.81460876149845 -645.1175735467193
376.4075217532477 -639.2456744127983
381.64625228679034 -629.6972554591966
382.731083872497 -623.1112100152242
383.99379542172346 -618.6282432254951
384.3715109463413 -618.2708589418625
384.66255561054896 -617.001261478399
382.9957185993527 -615.7051864517348
381.38178254736073 -616.6309316490392
380.9223919079165 -616.5797041074306
379.5606862966578 -618.1016035337497
382.4826805983481 -614.2171813111395
388.32183659604016 -598.6211449602793
388.9158764263205 -594.8895561200538
387.66028173848235 -591.0449475698167
386.97845214368476 -591.3196153596231
371.3114970431846 -583.0518964960133
391.0020941313441 -570.2665651961709
391.77310003529607 -570.305759329481
406.1354497529019 -572.9658654647372
422.38017184435233 -571.5044259631384
454.2416649604383 -574.8589892154129
455.4792708790475 -575.0212612380192
461.64000383627246 -575.5480315833232
463.8506925074887 -574.7587545821488
501.74707700599214 -571.5466283682475
505.06581446399014 -566.1461722414505
497.07508404002135 -496.5731427101462
497.45987494799226 -493.5626168065538
499.41083371290625 -486.37055883977314
498.6999887111894 -486.01524216177296
495.3727264481015 -485.35724902939614
495.3723223259257 -479.9408771655048
496.2675872525421 -472.7175860871211
499.71721824398276 -462.9086419287382
512.6492489663618 -447.78917303529306
533.7452512242235 -425.71921263545113
534.1132089991261 -424.7996277083604
541.907034736774 -409.98646758035875
569.3705051121691 -408.770165944715
573.5376639860852 -403.4426489866321
576.7572034870332 -404.2090157234377
582.9171048694905 -405.120252092274
582.3530668935575 -405.43523406291195
592.5666887783794 -457.37769477085635
591.8194009626271 -458.54948342404924
593.6449895287059 -459.55461487856275
517.3641591453865 -473.6855360466832
521.6360548392665 -517.4267365714687
572.8055553448658 -613.5675502226896
620.086626093056 -658.3380880768493
658.6988652196976 -639.370059613284
824.5194503520407 -506.4906990132414
840.2362699627979 -505.1512904361579
844.0131692734295 -505.15137266894374
846.5717041859388 -506.1258277209635
1161.451251501437 -413.61730370883436
1165.082856490307 -410.4616134805372
1189.1978981876498 -405.99811778853086
1221.009997389762 -395.43138868299735
1222.1999864758006 -395.31247176022634
1263.552824587028 -388.32207607682403
1266.9020557731026 -389.97402580710747
1315.2665102602978 -372.83284555968453
1339.113853703537 -363.86047182361284
1340.8108761768417 -362.6105202219629
1373.2506436841738 -349.7277041967947
1390.871923838642 -344.80878049217614
1393.1738257937145 -343.93603956519246
1394.0469885926068 -342.7458359562443
1464.13522183605 -326.0855307647048
1465.484535568522 -326.9584571600338
1468.4742619327199 -327.80498937388813
1469.5855618734681 -326.90574734039996
1479.1635273386482 -323.8908987342679
1487.3126743100943 -322.6745940291901
1491.1225351350852 -324.68497835825605
1500.647716270052 -319.3425341007366
1520.2812471064196 -319.3553868789273
1523.2826140150792 -316.50202078311537
1584.9450881503842 -287.8849302474577
1586.8621427285443 -286.25251803711126
1588.8857697556039 -285.329935824329
1594.378531975476 -286.9068988193855
1746.2190233318036 -260.58085383106135
1835.3123727464229 -269.39831187663685
2000.4100302461961 -333.5484778349078
2065.7195884846465 -320.36387891705067
2162.241770632229 -333.6862261959832
2179.2521466656763 -273.6821643253631
2261.0952189199716 -274.4076944983615
2262.593409170234 -226.5967206088029
2329.848732772091 -224.60978689078522
2362.401245274276 -170.32689684007084
2263.2718116499505 -169.93427741593638
2241.3438509362745 -141.92961317042094
2380.8793903337178 203.0179611830323
2319.5081929373096 257.070925626142
2248.1720208522365 287.2297223211864
2154.6441317455306 329.46444061744984
2081.171501944233 325.44214412773675
2065.5398585941493 337.10477361823587
2075.02312513247 336.61950680551627
2075.776913920088 339.2621457256019
2078.4977045628857 347.4406287119792
2016.6214957509867 500.15399357392874
2015.128766733493 505.0579485903208
2013.3784135229257 509.83122361164027
1997.5471930853128 536.7546963480931
1895.4695906124468 572.4525225208048
1884.9095550955685 577.1497298173858
1881.5835788130428 578.853994321028
1874.5157970456253 581.5144286533587
1862.518907215165 575.6927141866289
1871.9788859869127 569.7941016313235
1875.0798423405138 563.8985229940688
1875.8521586196487 562.6904984983593
1878.4274396323153 559.1793618428766
1877.3079773397285 556.1347786352637
1877.070788412227 556.0705447371091
1868.838508724599 561.0272293958039
1841.4460123791064 575.7174309393502
1840.4269007928242 574.4672759699437
1804.754712808228 579.7620748285507
1711.5964487519861 534.8707564011307
1713.0877702233722 534.3998782017646
1719.036213135951 531.13864511954
1719.7067918343964 529.8893437394731
1723.862353461266 519.346529384981
1738.8688843590048 516.9387281429215
1736.9639969173402 502.1161820916915
1742.163685641072 509.6297817111191
1738.37371809416 481.5784499935469
1739.7047587788145 479.0382304762283
1755.860531131005 447.06543712025996
1722.4024452389624 503.90203333679233
1715.607678215547 510.79372873567183
1716.5841808699254 512.5506003868686
1705.0955931116391 518.4727509463288
1635.3933315042405 457.62940535247066
1634.5575682856463 455.32904517187427
1636.9661312657756 446.10046068109733
1639.463454746088 430.4690012568874
1638.1872178820188 424.8276703198396
1625.4622073265102 399.46510022680025
1635.2565872308323 422.4286587871347
1637.6671724414746 430.5850650311657
1637.7735210634671 432.13482527611814
1633.9672706290414 449.48033180224047
1632.459201038214 454.9435055037743
1631.8089703631942 455.66513195005405
1630.6340376384826 456.3318552053893
1616.0714452899672 458.79372077253083
1499.8914985684748 456.72433379319466
1494.123462721217 446.97098992473167
1493.9261293449235 447.56290161937886
1447.6631482219361 464.05347225748494
1445.5301504479164 459.7721180908168
1443.5193263026936 460.83021988131617
1444.8798409868186 466.7685051180722
1316.4147451339463 546.7456709191845
1299.917326128184 577.325133147861
1299.3390802202605 577.0329612280854
1246.348834842936 518.4419140557401
1247.882813500755 517.1682446412332
1249.6007797942789 515.5106993480836
1253.0906716544152 511.2099191264808
1254.1406226122133 509.52640970684183
1255.890507049673 505.91948157668844
1256.7344720135402 504.6778404174627
1259.5063983390744 501.59870171623425
1261.4083835455383 500.3450198200665
1283.0922299891613 486.7124279360755
1294.6581517104212 479.7441428393779
1296.8115232606963 479.0657250599261
1297.0691009148725 477.74533319386273
1293.9420901176943 478.6345261503647
1265.8822684035765 495.5103662548413
1260.5503008549613 498.78355159927054
1254.5004455581434 505.11779421402
1253.1045345633966 507.9209626443276
1251.5846002602248 510.47221615907023
1247.6707277514088 515.2108748166478
1237.1226264611369 522.8605229671857
1294.2714294422474 578.0513987155076
1231.9566898294374 652.8189188044745
1161.0884857042 642.2024806886566
1167.2737527407326 645.5221877932004
1178.0566692533334 651.1190105473165
1178.69371212794 651.7906823583994
1182.1799311554873 660.6322489989296
1180.8793600551176 663.752909825866
1173.1273850566315 668.5901389677964
1168.6531139437914 671.8669536940974
1169.6247627504615 685.2658034698931
1167.2170818545596 690.5176305618395
1108.4369838736718 731.2487919583359
1059.4990355975556 798.6699220704261
1051.9271936856055 838.5659714758926
1035.009783295896 892.4025987172478
913.0890170469268 867.3488941107294
837.3940291651658 756.0540127032277
801.2072382045864 721.1505149906559
767.5200609575297 703.4612435636004
757.9254776874193 692.8047718050548
754.3007605984699 684.3860806612512
757.9259511402429 713.1590484424178
772.1044415164216 721.4709232053035
790.8669544393057 732.1271553401774
819.9076081687949 762.4518621634707
823.3889792427987 811.9780259747209
815.7073878784687 810.0549132741687
810.9307846071281 812.1407746934685
810.3096782101911 812.6905763662965
789.5371674869253 817.2348073989551
742.9893008290219 834.0242266142245
685.3559526374155 823.9006549682263
675.4849486708492 829.1582424024036
657.6488058288168 840.3071084731694
613.6392958962032 880.1969473575542
613.2424537983014 883.1064635735501
613.573879089232 888.3190977753735
612.1992616640845 892.3558346801403
595.4455796242852 910.0489786039736
591.3025062166714 914.7076551633284
565.7760831531033 938.590439694034
555.7797396329617 929.4983463210788
553.5571690163747 930.3447832577658
550.9112291060984 930.34482444844
550.3267212987472 931.2648923297692
544.5753510478804 929.7697240087102
543.0036317222067 929.7697479582454
531.1889961236607 931.1542268257749
481.44075855811485 911.2169208868914
420.3814755740899 938.289224804329
478.5598634396912 1043.9775050086537
421.6470058522358 1118.5717407713173
375.3425891523747 1084.307013750968
372.7149246174382 1083.256349134096
376.1309126620878 1087.5903877431062
376.8853040834071 1090.7833106241021
370.2637000997998 1085.9502677009698
363.7503454101107 1081.3630443080342
367.07359210779816 1077.9337917220041
355.1645932230386 1078.1076343269367
342.42506464544687 1071.1583216423703
342.8008161896006 1070.5196209482658
340.814916108501 1068.6426396609493
340.4464201642096 1068.6457713916902
333.0878059565161 1069.303616461564
328.0193579804319 1068.1143082275737
326.76473309611174 1063.6511091307757
318.0595332992291 1050.6856097086863
310.9648365303842 1045.1695601020363
310.7020547939094 1043.4622019513001
310.3079481672611 1048.3216168373528
319.3250774580546 1062.9380245588009
318.96839507502534 1063.396481823981
314.38232372622525 1064.4152590028912
309.1337901784586 1060.0346279198236
309.4905269510474 1066.758458165425
308.4204549913994 1069.1016033079552
316.3696672210276 1070.2731427102137
336.6608763651087 1079.7355097974366
341.1017849992337 1081.659168539916
407.1617164788771 1137.1104223663265
368.51168009350425 1201.7208498416092
344.86261616200613 1190.5575447000035
311.614879542627 1188.0683737114325
303.0657662449437 1191.0218312289314
299.1683717439149 1191.5873951225278
297.65970613235146 1191.0847029392323
298.16257732902244 1188.8225160698455
304.26026652479703 1181.479844288451
305.95428016232535 1180.2701569527314
306.9222926954417 1179.6653025076282
309.10031568183035 1176.278281154845
307.52878339059595 1168.525694578663
306.5592657104318 1169.86738584524
304.50224649107037 1172.8915211236406
302.5662496693511 1175.431808656414
299.90422067221505 1178.4559671288287
298.4522032983595 1180.5123846688573
297.96820296226184 1180.99625430607
289.974757607023 1187.7347661843787
289.3771306900238 1191.7622346732064
289.13513471323876 1194.665337100237
290.33743353094036 1202.1291881042935
290.8213162669942 1205.6370351351795
291.5472389911461 1206.9675500051983
292.44246796777037 1236.768191930997
293.25972779625425 1247.325025535558
294.5798108113826 1246.696637051865
298.7286806846948 1250.2783994602923
300.36310320568936 1253.6716557240336
298.854302141891 1233.940430674089
302.31163682793533 1225.8971064979648
303.19164865094496 1217.2254162363188
313.6265251801148 1202.018475382259
317.8025609779336 1200.91718700023
318.64950131531515 1200.7961397605693
320.9585001459569 1201.8008064579963
327.2011374579818 1203.812767194542
334.1289629346204 1207.7394153662497
334.7717448379362 1207.8108081354865
336.34300612917707 1209.8098339560854
338.9141777331934 1213.308157701965
330.5065167837121 1209.2624290592178
331.0452855834729 1209.6098252882593
333.2892440332768 1213.616800915396
334.98312714199847 1213.6166487745295
338.007886217914 1215.0679273180144
341.5166349083326 1215.9143533421427
345.84197956817275 1214.8787683969672
347.12756812558314 1216.8778057018278
348.6988415186106 1218.9482381143364
349.85539832652347 1218.9259261570228
352.3516636194727 1216.6932133008804
355.11071668777043 1217.612540271103
339.9663698370025 1276.5078822068185
282.544896271074 1305.106070679324
153.33360993115232 1225.5550185224645
173.74126563350592 1182.0493995120182
171.6152429624892 1180.7925289641228
162.77086573296708 1194.9028882075568
149.27643009182978 1216.2612798965572
279.80743470944003 1307.6262068152564
195.10668832774928 1366.2405549590887
137.53022463229115 1326.8313437295242
163.55710998020515 1373.143162838338
87.82806905307345 1415.4015788348834
49.08422117693069 1360.9699640205954
29.59807634083427 1420.347792133954
-28.700352028807988 1440.292088106954
-158.91510628617152 1421.9454177363605
-200.51204805387422 1414.8036742951117
-457.35639132551927 1240.282735567636
-472.86658087077967 1224.9567830060585
-545.0324048111529 1197.0487560686804
-557.2122584674429 1194.5997127525704
-582.0933605131472 1142.8818220603284
-591.6070416036223 1116.5927210177842
-594.1728273473966 1119.6917427599208
-582.8414057193362 1132.9433520059918
-582.841508226782 1136.4698936776208
-589.3973172208495 1111.6120452510447
-595.8294126780663 1111.611866211238
-635.2808356112946 1085.9822100794077
-639.0711045086645 1077.1580510303313
-645.6986253568288 1061.128068078817
-647.7297912507992 1061.1280042540573
-645.4848968472116 1063.692841297832
-645.698756262986 1065.2957961587472
-658.8475873111317 1055.6775308161434
-663.444228282004 1049.3723338202296
-657.5042872333114 1034.2052143918756
-661.3482832033504 1036.0062805751759
-665.0477028649195 1046.8075259233713
-665.1942837399118 1048.51127077657
-745.9667295723574 1072.5565554495092
-746.8010472689251 1062.7305946443914
-747.9284477935468 1067.613414956936
-845.8632577976927 1103.340228565307
-902.8677186623601 1088.3137558091908
-906.7939868644291 1096.2241383380592
-907.7529062296469 1102.1572526812138
-907.5357015639294 1104.1839576470281
-917.1304492315593 1098.7679461859605
-918.0049514285714 1095.5569198776673
-918.8099419643692 1091.9081656050737
-918.556994467954 1087.486241706557
-923.6273684998249 1087.4290054754763
-923.6275446209897 1091.5816555711142
-924.5021832792462 1093.494030624118
-925.103716066985 1099.777617824068
-927.3090479802887 1102.988183522926
-968.8600113241408 1162.2756469135293
-976.2924737342984 1159.4604113552919
-979.1215459449223 1160.6621826125559
-971.6962816168223 1181.1654531538306
-973.0400506130921 1181.0946957675012
-974.7375580868427 1182.8621178665446
-976.1521078791774 1183.8518598419244
-980.183344542721 1180.9529812718854
-980.3248387004446 1182.0134676095508
-980.112737767563 1183.99307746759
-981.1736655279511 1184.6293274497964
-981.1737227285034 1185.9019226623352
-984.9929154795825 1186.467350914772
-991.2873409391918 1182.790675923336
-993.2675208984889 1179.8918882287057
-991.994619319051 1183.3562439460718
-990.0144741941424 1187.032724173974
-987.5391975056136 1189.648723999018
-985.2054083831937 1193.1838248685044
-988.8897078843103 1198.6493297706245
-997.6841872570805 1200.5560534854121
-1013.5054604538068 1174.4007885151993
-1013.9252559104306 1184.2695292204457
-1011.7447195283207 1186.5333096638396
-1008.8970477851237 1191.3160192408814
-1006.0568159711976 1206.3344715935953
-1013.4261228955216 1207.4038514427477
-1015.4390961662067 1208.6613580881774
-1025.0841961832084 1207.9063494061527
-1048.0239205513535 1194.5409608623775
-1052.3931844404692 1192.876762181435
-1059.721973019202 1190.1306051237027
-1075.1038429692017 1190.0745590817876
-1078.6357725053597 1192.6551253797388
-1079.179777834504 1186.1053340656422
-1084.0616005093766 1184.8300113238492
-1086.3087619435453 1185.601935331746
-1085.7299382912402 1191.3662884440475
-1083.7894760869463 1195.193844989366
-1079.3324157885595 1219.259840897618
-1081.3255697540471 1220.6753826013435
-1212.5341419865708 1186.0984642219432
-1230.9011038374792 1173.01841449602
-1234.895195222245 1170.674122874327
-1376.4088900622278 1045.9923660993813
-1459.438916857289 1023.6019393488336
-1619.3726834634222 932.2896033814154
-1642.84757721113 808.7916976754478
-1746.5874629048917 721.8422599304654
-1750.0149456037402 568.9179378039544
-1849.552202214413 376.5817822470737
-1872.8675640450742 378.005288838054
-2022.1064620891725 121.82029797624051
-2059.746675860285 104.77841621761425
-2062.0770443287624 99.85720885379318
